zuobiao = [1,2,2,3,4,5,45,754,234,54,3,2,67,5,4,2,2,3,4,5,45,754,234,54,3,2,67,5,4,2,2,3,4,5,45,754,234,54,3,2,67,5,4,2,2,3,4,5,45,754,234,54,3,2,67,5,4,2,2,3,4,5,45,754,234,54,3,2,67,5,4,2,2,3,4,5,45,754,234,54,3,2,67,5,4,2,2,3,4,5,45,754,234,54,3,2,67,5,4,2,2,3,4,5,45,754,234,54,3,2,67,5,4,2,2,3,4,5,45,754,234,54,3,2,67,5,4,2,2,3,4,5,45,754,234,54,3,2,67,5,4,2,2,3,4,5,45,754,234,54,3,2,67,5,4,2,2,3,4,5,45,754,234,54,3,2,67,5,4,2,2,3,4,5,45,754,234,54,3,2,67,5,4,2,2,3,4,5,45,754,234,54,3,2,67,5,4,2,2,3,4,5,45,754,234,54,3,2,67,5,4,2,2,3,4,5,45,754,234,54,3,2,67,5,4,2,2,3,4,5,45,754,234,54,3,2,67,5,4,2,2,3,4,5,45,754,234,54,3,2,67,5,4,2,2,3,4,5,45,754,234,54,3,2,67,5,4,2,2,3,4,5,45,754,234,54,3,2,67,5,4,2,2,3,4,5,45,754,234,54,3,2,67,5,4,2,2,3,4,5,45,754,234,54,3,2,67,5,4,2,2,3,4,5,45,754,234,54,3,2,67,5,4,2,2,3,4,5,45,754,234,54,3,2,67,5,4,2,2,3,4,5,45,754,234,54,3,2,67,5,4,2,2,3,4,5,45,754,234,54,3,2,67,5,4,2,2,3,4,5,45,754,234,54,3,2,67,5,4,2,2,3,4,5,45,754,234,54,3,2,67,5,4,2,2,3,4,5,45,754,234,54,3,2,67,5,4,2,2,3,4,5,45,754,234,54,3,2,67,5,4]
print zuobiao
zuobiao.sort()
print"for loop start"
for wws in zuobiao:
    print wws
print "for loop stop"
print wws
for wws in zuobiao:
     print len(zuobiao)
print "nice"
print len(zuobiao)
